[409.61, 184.66, 206.8, 151.41]
[119.93, 193.19, 97.93, 55.85]
[179.43, 54.34, 362.72, 515.04]
[22.81, 92.73, 180.64, 305.39]
[52.97, 79.4, 39.09, 94.18]
[29.92, 57.06, 64.7, 96.45]
[148.76, 66.29, 56.97, 97.97]
[203.54, 48.77, 93.37, 119.36]
[274.23, 69.81, 73.94, 102.15]
[469.38, 41.49, 70.02, 116.7]
[0.0, 68.44, 38.02, 102.96]
[192.91, 51.46, 33.91, 36.61]
[87.82, 65.43, 31.66, 36.5]
[92.12, 49.27, 66.46, 50.88]
[535.69, 55.97, 64.8, 105.78]
[15, 17, 624, 170]

0 [409.61, 184.66, 206.8, 151.41]
1 [119.93, 193.19, 97.93, 55.85]
2 [179.43, 54.34, 362.72, 515.04]
3 [22.81, 92.73, 180.64, 305.39]
4 [52.97, 79.4, 39.09, 94.18]
5 [29.92, 57.06, 64.7, 96.45]
6 [148.76, 66.29, 56.97, 97.97]
7 [203.54, 48.77, 93.37, 119.36]
8 [274.23, 69.81, 73.94, 102.15]
9 [469.38, 41.49, 70.02, 116.7]
10 [0.0, 68.44, 38.02, 102.96]
11 [192.91, 51.46, 33.91, 36.61]
12 [87.82, 65.43, 31.66, 36.5]
13 [92.12, 49.27, 66.46, 50.88]
14 [535.69, 55.97, 64.8, 105.78]
15 [15, 17, 624, 170]